[-0.49835378  0.18026526  0.23105621  2.6145799   1.68607664  0.01326149]
[-0.55674343  0.11648082  0.23246009  2.12185278  2.26064302  0.30315816]
[-0.55870445  0.18453935  0.21937721  2.7942613   0.89932147  0.20515106]
[-0.56050729  0.24389209  0.21875263  2.1537516   1.83133115  0.07113669]
[-0.62092332  0.13707266  0.21802162  2.54880365  1.30122249  0.2392684 ]
[-0.55576242  0.04824733  0.23905145 3.03267909  1.21842147 0.15594604]
[-0.46274972  0.19906769  0.27230332 2.15843329 2.63357234 0.19156694]
[-0.32924146  0.22335662  0.25758365  2.89293113  0.30448089 -0.45894559]
[-0.51714978  0.30072944  0.31548851 2.0632013  2.40070119  -0.05039658]
[-0.4903953   0.28561995  0.30183679  2.65198206  1.41809074  0.1760023 ]
[-0.52765498  0.01196056  0.31866186 3.1273503  1.0736474  0.04632872]
[-0.41793951  0.24367578  0.28887902 1.9366007  2.73618549  -0.19771895]
[-0.48196411  0.33405414  0.28884921 1.02886255 3.22232721  -0.07911749]
[-0.50765964  0.20264815  0.30860083  2.96937673  0.53856292  0.20745904]
[-0.56984617  0.21288488  0.26135811  1.66714045  2.35729663 -0.09245728]
[-0.58277104  0.13353368  0.30545911  2.97068042  0.19301497  0.11847784]
[-0.49108837  0.11874885  0.37920522 3.11685052 0.92390712  -0.23202022]
[-0.37913543  0.07917403  0.35593816 2.17032489 2.45895205 -0.21349414]
[-0.46115461  0.1961118   0.33077234  2.90664351  0.68784452 -0.06574012]
[-0.58927869  0.24916414  0.35974828  1.84905267  2.52647221  0.25412332]
